# Created by Octave 3.8.1, Tue Apr 14 16:29:58 2015 EDT <luzhao@stemcell>
# name: feature_greedy_chisquare
# type: scalar
0


# name: t
# type: scalar
75.9788179397583


